100
1164115433906158532
2175216119781798972
8711387064946514083
7002664860023442459
3872982626502034966
8999366892653588108
7190703300742001586
4912931603392816429
1885758236351349410
5855543267441242937
411770278714326748
169801152120619550
6377047045578648633
7677164818041690485
1844679518563690323
5467437777444762813
3502109416845026634
5241815115701522205
9211604062182188228
7256093656713152453
8858624155593387863
7457799070378274648
6772239360026359448
1595045547040606607
1990980354791980309
3019700541753656291
6834936842587758009
8657428560074652038
5691363375748086700
3110015850176577870
4186255040170865876
226924141740646395
3680427371254579517
7460875389816005895
6342468101875337769
6516758115540163662
7077824384042673985
2384231109348281064
3790533972295231020
8874762027149433018
6728192493419560012
7625884847633161299
7644783055287522883
29233438688579592
6108407880909172558
3334876004289034833
1689747666745627563
598765265892340545
1299637203782150913
8356352752729052758
5187163166335705732
4955565384962088195
3405456778290464655
5354800694524909769
3089281989611340424
4707906407668463595
5432432895697011198
9158691471437509923
2106445748622659243
5755475091224586851
6333550692660504588
4767022964717869068
4675477527464496755
7962639330936867350
4157416832381507048
7329174966997533941
651650559245190228
8221133030950218988
7870580499714731486
8316622915818741159
566320113964581975
7863835588380970126
2318447983595712661
3913139068250653428
875116714355000125
1304680498834922132
1410182734995233200
5494912443059877118
2918411245531721705
2405291784035535480
4013833218657951622
8501228023544932444
690339432930577608
3696865119943430352
1826695561513825908
9082268330356753022
7195347014358151499
317287674596746049
7421580921454892624
5190023095482667189
2895498708581989860
2492950965018103110
7918088162311600364
4916711182205263595
1778360271554287225
6995627075871937494
1204992323311723849
745256908637083189
2453730806731741853
3072352195328414531